138 410
150 570
176 724
205 877
253 1023
340 1148
461 1245
599 1318
752 1342
904 1317
1041 1243
1161 1146
1247 1022
1295 877
1324 724
1349 569
1360 411
250 277
331 205
442 185
553 206
655 250
844 248
949 205
1060 186
1171 207
1250 280
751 390
751 493
751 593
750 697
629 787
688 799
750 810
811 799
870 786
375 411
442 372
521 375
588 435
515 446
435 443
914 434
981 375
1058 371
1125 410
1066 441
987 445
533 999
615 950
696 918
750 935
806 918
886 950
967 997
889 1059
811 1088
751 1094
692 1088
613 1059
569 999
695 991
750 996
807 991
931 998
808 994
752 1000
696 995
0 0
750 0
1499 0
1499 750
1499 1499
750 1499
0 1499
0 750
