141 412
150 570
170 725
199 877
248 1023
336 1146
456 1245
594 1318
755 1341
915 1317
1051 1243
1171 1146
1258 1024
1306 877
1331 723
1349 569
1356 413
255 276
329 192
443 168
557 186
666 226
834 225
943 184
1057 168
1170 194
1242 279
751 359
752 458
752 555
752 657
625 750
688 762
752 773
815 762
877 750
385 385
450 349
526 350
591 400
521 412
446 411
911 399
976 351
1051 349
1115 385
1057 411
981 412
535 975
614 921
694 889
753 907
812 889
891 920
969 971
894 1023
818 1048
755 1054
691 1049
614 1025
571 973
693 958
753 963
814 957
933 971
815 959
754 966
694 960
0 0
750 0
1499 0
1499 750
1499 1499
750 1499
0 1499
0 750
