145 406
150 569
168 731
196 891
241 1044
325 1181
440 1293
579 1377
750 1402
920 1377
1059 1293
1173 1181
1257 1045
1303 891
1330 730
1349 569
1354 406
241 286
312 199
425 172
539 188
647 229
852 228
962 187
1076 171
1190 200
1259 289
752 360
753 462
754 561
755 666
612 752
681 768
753 785
825 768
893 751
366 394
433 353
514 354
587 407
510 422
428 424
915 406
988 353
1069 353
1135 395
1074 424
993 423
507 1001
593 942
685 909
754 928
823 909
913 942
998 998
916 1070
828 1102
755 1108
680 1102
591 1071
548 1002
683 990
754 996
824 990
957 1000
825 993
755 1002
684 994
0 0
750 0
1499 0
1499 750
1499 1499
750 1499
0 1499
0 750
