144 407
150 569
170 729
199 886
247 1035
332 1167
449 1272
589 1349
751 1373
912 1348
1050 1269
1166 1164
1250 1033
1299 884
1328 727
1349 569
1355 408
239 267
312 185
423 160
533 181
636 227
865 225
969 178
1080 159
1190 185
1262 267
752 375
752 476
753 574
753 677
613 767
681 782
752 796
823 781
889 765
356 407
424 365
508 368
585 428
504 443
418 443
917 428
994 368
1077 365
1144 406
1084 442
999 443
505 1002
597 944
691 910
753 927
817 909
908 941
996 995
911 1069
821 1102
752 1109
684 1104
594 1073
548 1003
688 994
753 998
818 992
954 997
819 996
753 1004
689 998
0 0
750 0
1499 0
1499 750
1499 1499
750 1499
0 1499
0 750
