141 409
153 564
173 720
197 876
240 1023
317 1152
431 1254
569 1338
737 1366
904 1350
1045 1277
1159 1174
1241 1042
1290 889
1314 726
1335 560
1344 394
252 302
333 231
447 212
559 235
667 280
822 282
929 233
1044 205
1162 224
1243 301
747 369
747 475
748 579
749 688
635 760
692 775
752 790
814 778
872 763
376 386
438 354
515 356
584 401
509 422
431 419
912 399
978 352
1054 349
1119 382
1060 417
981 417
526 978
608 941
690 919
749 935
806 921
886 945
969 982
886 1038
806 1060
743 1064
680 1058
601 1034
559 978
688 964
748 971
806 967
936 981
804 976
745 981
685 974
