137 409
150 570
173 727
201 885
248 1036
338 1165
458 1269
594 1349
752 1375
910 1348
1046 1267
1167 1164
1256 1036
1302 884
1327 727
1349 569
1361 410
239 312
317 231
433 204
550 219
662 258
839 258
953 219
1069 205
1184 232
1259 313
753 370
754 474
755 576
755 683
634 763
692 780
753 795
813 781
870 764
381 391
447 351
526 352
595 405
521 418
443 419
908 405
976 353
1055 352
1120 393
1061 420
982 419
533 988
614 947
691 921
752 941
814 923
891 948
971 985
892 1032
818 1054
753 1060
689 1055
613 1033
570 988
690 976
752 983
815 976
935 987
815 978
753 985
691 978
0 0
750 0
1499 0
1499 750
1499 1499
750 1499
0 1499
0 750
