136 411
150 570
177 723
209 876
255 1024
339 1153
459 1256
597 1331
752 1357
907 1330
1044 1254
1164 1153
1247 1025
1293 877
1322 723
1349 569
1364 411
250 284
328 214
437 192
546 210
649 252
859 252
963 209
1072 192
1180 215
1256 288
757 375
757 478
757 580
757 685
640 769
696 786
755 798
814 785
869 768
375 400
443 356
525 357
599 417
521 432
438 433
910 417
983 359
1065 357
1132 402
1070 434
987 433
534 987
619 944
699 916
754 932
810 917
888 944
971 984
890 1036
813 1060
754 1066
695 1060
617 1036
572 987
697 977
754 982
811 977
933 985
811 978
755 984
698 978
0 0
750 0
1499 0
1499 750
1499 1499
750 1499
0 1499
0 750
